3269    11:30 07/11/2012    13:42   12:27   4000    223.9   215.17  1374    2.65    1368/0/1262 7239    11.22   7279    417 187102  211.57  188252  15630
3266    15:15 05/11/2012    22:16   16:12   4000    213.64  209.32  1374    2.92    1368/0/1262 6555    7.54    6363    449 197909  185.03  198121  22751
3265    14:33 04/11/2012    01:31   13:36   4000    221.74  211.56  1374    2.55    1368/0/1262 7164    8.73    7071    408 183041  174.44  183158  19128
3264    11:19 04/11/2012    12:54   1:31    4000    217.71  215.14  1374    2.5 1368/0/1262 7142    8.1 6994    406 33300   33.44   32383   2016
3262    01:04 04/11/2012    03:59   0:27    4000    218.42  210.74  1374    2.52    1368/0/1262 6819    8.01    6618    400 10542   11.38   10592   592
3261    17:44 03/11/2012    19:14   5:41    4000    224.05  216.1   1374    2.6 1368/0/1262 7267    9.5 7252    417 105233  99.37   105895  7988
3259    21:57 02/11/2012    23:39   9:25    4000    221.01  215.64  1374    2.66    1368/0/1262 6593    8.36    6433    409 142973  170.81  142290  13312
3253    06:06 02/11/2012    08:45   3:53    4000    223.28  216.29  1374    2.44    1368/0/1262 7256    10.51   7179    413 79062   84.27   78622   5405
3252    01:20 02/11/2012    02:47   3:12    4000    220.53  215.99  1374    2.66    1368/0/1262 7116    10.04   7096    422 65327   75.8    66139   4448
3250    12:52 01/11/2012    15:56   4:15    4000    220.92  218.55  1374    2.56    1368/0/1262 7225    10.09   7031    405 83455   94.77   83589   5959
3249    19:47 31/10/2012    21:42   14:59   4000    221.77  219.47  1374    2.6 1368/0/1262 7032    9.93    7067    423 197459  192.38  200495  21170
3244    02:30 31/10/2012    04:13   2:13    4000    226.25  221.55  1374    2.58    1368/0/1262 7336    9.45    7395    418 49549   48.23   50319   3084
3242    17:50 30/10/2012    19:37   4:27    4000    224.78  221.85  1374    2.68    1368/0/1262 7036    8.42    6934    408 84254   85.7    84730   6251
3240    06:40 30/10/2012    12:39   1:27    4000    219.34  220.21  1374    2.49    1368/0/1262 6948    7.86    6945    403 32437   31.82   33085   2025
3238    20:11 29/10/2012    22:55   4:36    4000    217.81  215.25  1374    2.57    1368/0/1262 6624    11.08   6519    422 82932   112.24  77493   6489
3236    16:41 28/10/2012    18:09   17:59   4000    221.06  223.86  1374    2.96    1368/0/1262 7359    7.78    7339    421 215691  197.04  210257  25053
3232    16:38 27/10/2012    18:50   10:39   4000    214.38  213.79  1374    2.48    1368/0/1262 7254    5.36    7202    416 159871  111.14  161167  14937
3231    13:05 27/10/2012    14:33   1:56    4000    216.34  219.1   1374    2.39    1368/0/1262 7320    6.16    5998    415 43848   36  15187   2625
3229    01:36 27/10/2012    03:37   4:21    4000    220.56  219.88  1374    2.46    1368/0/1262 7313    2.47    7313    409 87438   28.9    88309   6088
3226    06:50 26/10/2012    09:18   1:46    4000    220.45  221.22  1374    2.72    1368/0/1262 6926    14.18   6711    403 38903   36.99   38072   2392
3225    04:32 26/10/2012    06:37   0:01    4000    219.27  218.26  1374    0   1368/0/1262 7468    9.53    7294    55  503 0.35    371 7
3223    20:35 25/10/2012    22:53   1:33    4000    212.99  215.89  1374    2.52    1368/0/1262 6812    9.55    6736    404 33966   37.64   34026   2082
3220    14:25 25/10/2012    15:59   0:23    4000    215.4   215.09  1374    2.93    1368/0/1262 6720    21.27   6627    405 8379    17.4    8942    464
3214    01:42 24/10/2012    03:41   5:26    4000    215.96  211.25  1374    2.72    1368/0/1262 6416    7.94    6202    414 95904   107.8   94799   7740
3212    16:26 23/10/2012    18:23   0:56    4000    210.28  214.39  1374    2.47    1368/0/1262 6875    8.39    6779    407 21523   15.39   21361   1079
3210    04:09 23/10/2012    06:35   3:08    4000    218.61  218.33  1374    2.41    1368/0/1262 7299    7.62    7189    416 66136   56.39   65648   4396
3209    17:53 22/10/2012    01:22   2:32    4000    218.26  220.26  1374    2.63    1368/0/1262 6893    7.02    6673    402 53456   53.45   52227   3371
3208    06:49 22/10/2012    13:30   4:11    4000    214.67  215.94  1374    2.76    1368/0/1262 6298    8.26    6034    416 76026   80.81   69607   5709
3207    23:39 21/10/2012    01:58   4:12    4000    221.03  222.85  1374    2.52    1368/0/1262 7611    11.05   7543    412 88143   78.78   88360   5827
3204    08:10 21/10/2012    11:25   8:17    4000    210.76  208.33  1374    2.53    1368/0/1262 6496    6.41    6360    416 110104  79.18   107132  11679
3203    18:50 20/10/2012    20:21   11:42   4000    209.13  211.19  1374    2.5 1368/0/1262 7023    5.11    6969    419 173056  121.79  174524  16480
3201    19:37 19/10/2012    01:00   10:17   4000    216.32  215.17  1374    2.47    1368/0/1262 7221    7.39    7191    407 132869  102.85  106446  9855
3200    23:25 18/10/2012    11:10   8:17    4000    212.3   203.64  1374    2.56    1368/0/1262 6450    14.58   6231    407 104977  145.86  94100   11580
3194    18:10 17/10/2012    19:41   12:34   4000    208.9   205.35  1374    2.65    1368/0/1262 6329    16.89   6376    422 164830  217.3   166834  17767
3192    00:50 17/10/2012    03:21   10:39   4000    210.96  205.21  1374    2.74    1368/0/1262 6663    14.52   6682    470 153680  179.15  154352  16311
3191    16:41 16/10/2012    23:57   0:44    4000    210.01  208.56  1374    2.43    1368/0/1262 6500    19.03   6359    405 16234   21.58   16181   1001
3188    02:29 16/10/2012    04:02   6:56    4000    210.02  208.64  1374    2.52    1368/0/1262 6578    17.51   6511    436 105415  176.14  104993  9855
3185    08:23 15/10/2012    12:43   7:45    4000    210.47  210.89  1374    2.47    1368/0/1262 6827    18.76   6787    407 122049  190.84  122115  10872
3182    18:00 14/10/2012    22:58   4:15    4000    210.18  208.38  1374    2.44    1368/0/1262 6728    15.72   6834    425 77181   107.14  78330   5888
3178    05:05 14/10/2012    07:49   2:21    4000    213.03  209.45  1374    2.39    1368/0/1262 6840    13.56   6775    412 48191   66.8    48642   3224
3169    16:22 13/10/2012    18:21   0:25    4000    11.08   11.91   78  2.42    72/0/48 334 0   325 56  479 0   471 54
3160    01:52 12/10/2012    04:11   2:22    4000    2.13    2.17    24  1.97    6/1/1   16  0   15  0   111 0   104 3
3138    13:02 07/10/2012    17:03   9:54    4000    219 215.07  1374    2.51    1368/0/1262 7310    10.27   7244    411 149374  112.66  149403  13978
3135    18:13 06/10/2012    20:28   10:01   4000    221.26  217.99  1374    2.6 1368/0/1262 7108    4.72    6911    427 157822  63.89   157009  14157
3134    02:55 06/10/2012    05:38   12:27   4000    215.79  213.05  1374    2.72    1368/0/1262 6565    3.84    6428    426 177928  93.09   178336  17611
3133    08:59 05/10/2012    12:17   14:30   4000    217.2   213.91  1374    2.59    1368/0/1262 7338    5.01    7251    416 187324  110.09  185851  20437
3131    22:45 04/10/2012    02:51   3:28    4000    215.12  214.5   1374    2.7 1368/0/1262 6565    3.93    6443    409 67525   38.17   64445   4884
3130    08:35 04/10/2012    22:15   0:19    4000    218.94  216.82  1374    1.41    1368/0/1262 7183    4.46    6903    403 8265    4.77    1924    383
3129    23:00 03/10/2012    03:48   4:36    4000    213.98  210.58  1374    2.55    1368/0/1262 6718    2.92    6645    429 83055   31.63   82777   6288
3128    20:29 03/10/2012    22:36   0:14    4000    209.65  201.17  1374    2.34    1368/0/1262 6418    2.56    6374    410 5441    1.89    5344    266
3126    03:51 03/10/2012    05:50   6:22    4000    213.16  208.97  1374    2.46    1368/0/1262 7157    2.59    7129    439 112779  35.53   115485  9025
3124    19:52 02/10/2012    22:28   0:52    4000    191.69  189.92  1230    2.44    1224/0/992  6397    2.09    6169    347 18825   5.86    18215   943
3121    22:12 01/10/2012    00:38   11:16   4000    189.71  189.07  1230    2.53    1224/0/992  6332    2.08    6258    536 151141  47.51   149126  14426
3114    13:31 30/09/2012    16:23   10:47   4000    201.55  198.65  1374    2.16    1368/0/1262 6926    1.69    6876    741 149501  35.15   150543  15176
3113    03:08 30/09/2012    05:22   8:02    4000    0   0   1374    2.05    1368/0/1262 5604    1.11    5326    402 103335  19.42   102538  328
3110    23:23 28/09/2012    06:29   0:40    4000    0   0   1374    0   0/0/0   5333    1.02    5137    421 12165   2.14    12110   652
3109    09:51 28/09/2012    18:40   4:31    4000    96.81   99.43   726 2.33    720/0/366   2994    0.38    2853    167 30164   4.56    36629   1551
3108    05:09 28/09/2012    08:00   1:41    4000    111.48  113.8   840 2.2 801/0/804   3321    0.66    3196    55  17828   3.51    16612   289
3102    08:04 27/09/2012    10:34   1:11    4000    62.33   65.83   456 2.64    375/0/359   1598    0.31    1540    68  5252    1.18    5566    150
3087    11:16 26/09/2012    13:59   0:42    4000    10.68   11.2    78  2.58    72/0/48 318 0.03    306 155 1513    0.14    1425    40
3071    17:09 16/09/2012    20:08   9:54    4000    201.46  199.34  1374    2.49    1368/0/1262 6421    0.98    6287    421 142106  23.13   142724  13952
3067    18:10 15/09/2012    19:48   13:42   4000    191.42  200.06  1374    2.3 1368/0/1262 6061    0.58    5551    514 166085  14.44   153121  17783
3047    16:45 09/09/2012    19:26   10:36   4000    203.12  206.39  1374    2.55    1368/0/1262 6850    0.67    6498    400 147173  5.43    143879  14304
3045    19:22 08/09/2012    22:21   12:13   4000    210.55  217.71  1374    2.46    1368/0/1262 7352    0.73    7100    409 179134  16.42   172322  16759
3039    22:11 07/09/2012    23:52   0:47    4000    215.09  218.93  1374    2.41    1368/0/1262 7440    0.93    7164    393 19215   2.3 18787   922
3036    03:50 07/09/2012    06:00   5:28    4000    214.2   214.86  1374    2.55    1368/0/1262 7140    0.81    6931    398 102386  5.56    99555   7382
3034    20:57 06/09/2012    23:28   1:23    4000    221.24  219.32  1374    2.4 1368/0/1262 7546    0.94    7313    403 33739   4.03    33431   1822
3033    01:24 06/09/2012    11:12   9:39    4000    213.28  207.24  1374    2.39    1368/0/1262 7063    0.71    6939    408 145461  12.58   145601  13340
3032    13:59 05/09/2012    15:57   1:09    4000    203.21  195.62  1374    2.51    1368/0/1262 6178    0.73    5946    416 121321  11.38   120600  12330
3029    21:31 04/09/2012    23:49   6:45    4000    220.73  222.02  1374    2.59    1368/0/1262 6948    1.07    6841    421 119531  16.26   119513  9470
3027    11:04 04/09/2012    14:19   1:12    4000    204.85  197.51  1374    2.26    1368/0/1262 6351    0.72    6005    401 25067   2.78    23532   1581
3025    17:33 03/09/2012    20:29   9:39    4000    209.07  206.97  1374    2.66    1368/0/1262 6193    0.75    5965    417 133132  13.44   132450  13523
3023    01:17 03/09/2012    03:25   0:02    4000    216.27  215.8   1374    2.4 1368/0/1262 7091    0.98    6947    129 842 0.12    1104    10
3021    06:26 02/09/2012    09:08   12:56   4000    217.37  210.57  1374    2.7 1368/0/1262 6616    0.87    6442    443 167601  15.29   165238  18049
3020    17:22 01/09/2012    01:23   4:53    4000    216.83  208.54  1374    2.48    1368/0/1262 6868    0.85    6729    465 87426   9.75    87779   6815
3019    08:13 01/09/2012    11:35   5:35    4000    210.14  206.53  1374    2.76    1368/0/1262 6635    0.8 6560    383 91768   10.44   92374   7143
3018    15:42 31/08/2012    18:55   13:08   4000    217.28  209.3   1374    2.7 1368/0/1262 6719    1.12    6593    392 172764  27.51   169229  17195
3016    20:49 30/08/2012    00:03   8:56    4000    213.28  207.33  1374    2.56    1368/0/1262 6678    1.13    6426    407 127465  16.04   123743  11580
3015    16:38 30/08/2012    20:39   0:00    4000    216.99  210.63  1374    0   0/0/0   0   0   2   423 0   0   0   0
3011    00:04 28/08/2012    02:09   12:00   4000    214.76  213.88  1374    2.56    1368/0/1262 7046    1.61    6882    424 176528  24.43   174236  16903
3009    18:50 27/08/2012    23:00   0:16    4000    217.97  218.49  1374    2.45    1368/0/1262 7330    1.8 7145    402 6863    1.34    6674    236
3007    22:39 26/08/2012    00:53   2:47    4000    212.62  211.76  1374    2.46    1368/0/1262 6967    1.55    6591    418 58219   2.64    57349   3872
3006    17:28 26/08/2012    22:08   0:21    4000    211.41  213.05  1374    2.41    1368/0/1262 6901    2.15    6666    404 8599    1.7 8304    412
3005    06:39 26/08/2012    09:04   8:15    4000    211.81  213.69  1374    2.24    1368/0/1262 6956    1.78    6818    412 132238  27.65   132015  11557
3003    22:24 25/08/2012    01:48   0:42    4000    214.21  215.24  1374    2.33    1368/0/1262 7314    2.22    7149    404 17018   1.57    16948   891
3002    08:17 25/08/2012    09:33   12:39   4000    211.5   210.57  1374    2.45    1368/0/1262 7240    1.57    7056    413 177365  39.01   177714  17783
3000    21:57 24/08/2012    23:35   2:23    4000    209.03  216.7   1374    2.37    1368/0/1262 7327    2.07    7093    410 52458   8.16    51889   3218
2998    04:07 24/08/2012    08:30   7:29    4000    214.45  216.53  1374    2.29    1368/0/1262 7726    3.09    7535    470 134749  19.08   134586  10504
2997    20:16 23/08/2012    22:45   5:08    4000    213.96  213.63  1374    2.42    1368/0/1262 7266    2.18    7048    415 100020  2.47    99206   7186
2996    03:24 23/08/2012    16:30   3:38    4000    207.93  207.43  1374    2.25    1368/0/1262 6946    1.65    6778    421 71042   16.77   71051   5087
2995    23:36 22/08/2012    02:35   0:23    4000    206.85  210.4   1374    2.22    1368/0/1262 7090    1.88    6769    399 9303    1.02    9241    392
2994    18:00 22/08/2012    23:02   0:27    4000    4.22    4.42    38  1.92    32/0/0  103 0   100 0   161 0   156 0
2993    23:02 21/08/2012    05:47   12:04   4000    208.76  212.55  1374    1.65    1368/0/1262 7246    1.93    5554    434 179534  42.24   173861  17064
2992    08:30 21/08/2012    16:10   6:41    4000    197.57  201.44  1374    2.66    1368/0/1262 6360    1.23    6163    406 105498  19.35   104832  9331
2991    16:49 20/08/2012    18:35   13:45   4000    203.11  198.97  1374    2.42    1368/0/1262 6684    1.37    6445    426 175611  22.87   174469  18292
2987    11:56 19/08/2012    13:23   0:36    4000    209.43  209.82  1374    2.17    1368/0/1262 7198    0.53    7021    410 14605   1.05    14138   741
2984    07:42 18/08/2012    10:04   19:10   4000    213.52  209.07  1374    2.43    1368/0/1262 7422    0.63    7239    414 223644  16.6    224315  25618
2983    10:06 17/08/2012    15:41   15:54   4000    215.14  207 1374    2.59    1368/0/1262 7049    0.59    6821    421 201135  15.19   198377  22570
2981    03:14 17/08/2012    06:00   0:59    4000    211.79  209.34  1374    2.27    1368/0/1262 7215    0   7159    405 23010   0   22846   1236
2980    21:00 16/08/2012    00:22   2:45    4000    212.62  208.95  1374    2.51    1368/0/1262 6685    0.58    6509    533 55798   0.1 54672   3820
2978    10:30 16/08/2012    15:06   1:16    4000    209.95  205.55  1374    2.52    1368/0/1262 6684    0.64    6608    411 27674   2.62    28070   1720
2977    07:17 16/08/2012    10:12   0:00    4000    207.53  203.28  1374    0   0/0/0   2131    0   6336    157 130 0   213 5
2976    16:39 15/08/2012    19:47   11:19   4000    198.42  195.78  1374    2.48    1368/0/1262 6094    0.42    5995    433 148967  9.59    149992  16076
2975    11:45 15/08/2012    16:00   0:31    4000    70.46   70.4    474 2.3 465/0/452   2268    0.2 2203    26  3985    0.35    3969    29
2974    09:32 15/08/2012    10:49   0:49    4000    11.41   11.62   78  2.36    72/0/48 357 0.02    347 57  927 0.02    866 59
2957    21:31 12/08/2012    00:00   9:49    4000    212.58  209.2   1374    2.79    1368/0/1262 6797    0.43    7021    440 154120  8.82    154269  13675
2934    20:29 09/08/2012    23:25   8:54    4000    201.56  199.12  1374    2.44    1368/0/1262 6466    0.43    6420    418 133164  7.75    135122  12359
2932    04:03 09/08/2012    05:35   6:17    4000    198.82  194.65  1374    2.32    1368/0/1262 6626    0.5 6539    461 103086  7.16    103792  8820
2929    14:57 08/08/2012    20:03   5:44    4000    198.63  198.38  1374    2.4 1368/0/1262 6424    0.65    6332    420 96142   9   94460   7166
2928    09:38 08/08/2012    12:10   2:17    4000    202.95  199.76  1374    2.49    1368/0/1262 6294    1.72    6245    32  45444   5.6 45611   219
2927    22:54 07/08/2012    01:29   8:02    4000    199.07  188.25  1374    2.52    1368/0/1262 5597    2.08    5391    403 105628  34.97   103258  11213
2926    18:15 07/08/2012    21:21   0:38    4000    66.15   67.27   480 2.25    471/0/461   2038    0   1933    154 7553    2.33    7234    565
2920    02:49 07/08/2012    05:05   1:15    4000    198.58  197.75  1374    2.26    1368/0/1262 6418    1.99    6368    409 26467   1.9 26520   1584
2918    16:28 06/08/2012    19:07   5:16    4000    198.56  195.07  1374    3.29    1368/0/1262 4733    1.15    4270    420 70582   16.78   65779   7296
2912    12:53 04/08/2012    15:28   7:43    4000    206.08  202.42  1374    2.47    1368/0/1262 6411    2.09    6319    512 121581  31.22   120682  11025
2911    05:54 04/08/2012    07:59   4:47    4000    202.29  165.93  1374    3.03    1368/0/1262 4611    2   4668    406 61591   26.56   62662   6710
2908    06:47 03/08/2012    09:17   9:55    4000    203.25  189.03  1374    2.53    1368/0/1262 5972    1.32    6002    414 135308  34.31   135107  14046
2906    01:04 03/08/2012    03:43   0:54    4000    206.07  195.43  1374    2.6 1368/0/1262 6038    2.44    6079    408 18314   2.12    18383   1210
2905    16:44 02/08/2012    00:22   0:17    4000    199.41  195.4   1374    2.48    1368/0/1262 5838    2.53    5806    403 5809    0.73    6101    368
2902    22:11 01/08/2012    23:32   12:36   4000    200.14  199.06  1374    2.72    1368/0/1262 5966    2.85    5924    414 161779  57.33   150593  16611
2900    14:07 01/08/2012    15:59   3:28    4000    201.57  195.78  1374    2.53    1368/0/1262 5976    3.04    5962    410 60060   23.28   60723   4884
2898    16:56 31/07/2012    19:20   12:27   4000    203.15  196.76  1374    2.63    1368/0/1262 6041    3.47    5970    413 163657  70.43   163484  18857
2896    09:18 31/07/2012    11:16   0:09    4000    198.16  186.36  1374    2.33    1368/0/1262 5919    0.55    5860    396 3199    0.28    3206    172
2894    04:07 31/07/2012    06:40   0:55    4000    199.87  192.74  1374    2.21    1368/0/1262 5979    2.06    5937    407 18305   5.62    18426   1248
2893    14:35 30/07/2012    23:22   4:37    4000    199.88  195.01  1374    2.34    1368/0/1262 5959    2.01    5901    406 76032   25.63   76891   6372
2892    00:23 30/07/2012    04:26   10:00   4000    199.6   189.95  1374    2.5 1368/0/1262 6165    2.25    6167    424 138340  49.16   138778  14133
2891    14:47 29/07/2012    18:05   6:09    4000    202.15  197.95  1374    2.62    1368/0/1262 6126    2   5990    406 97732   29.77   97943   8569
2888    10:14 28/07/2012    16:42   15:48   4000    201.49  192.61  1374    2.45    1368/0/1262 6078    1.99    6111    419 182959  71.21   186667  22187
2887    02:58 28/07/2012    05:21   4:44    4000    194.16  190.09  1374    2.48    1368/0/1262 5885    2.21    5896    411 76346   30.31   77353   6668
2886    18:16 27/07/2012    23:10   3:40    4000    194.92  192.19  1374    2.46    1368/0/1262 5653    2.13    5709    428 60682   23.96   61590   5083
2884    01:50 27/07/2012    04:31   9:40    4000    184.88  182.02  1374    2.58    1368/0/1262 5425    2.64    5398    419 120926  59.52   122431  13567
2883    21:51 26/07/2012    01:40   0:02    4000    154.36  160.09  1374    2.33    1368/0/1262 2639    0.42    2896    90  323 0.02    444 9
2882    18:28 26/07/2012    21:13   0:28    4000    192.11  187.41  1374    2.25    1368/0/1262 5702    3.77    5574    400 8939    3.57    8977    515
2880    02:46 26/07/2012    04:07   9:13    4000    182.92  183.9   1374    2.37    1368/0/1262 5486    2.21    5421    408 117636  35.75   118116  12984
2875    15:19 24/07/2012    17:45   15:24   4000    190.33  189.4   1374    2.48    1368/0/1262 5724    1.45    5648    482 172767  51.85   175357  21581
2873    10:18 23/07/2012    22:15   11:59   4000    184.67  184 1374    2.25    1368/0/1262 5832    1.55    5805    422 152023  49.62   154385  16905
2872    16:51 22/07/2012    19:04   15:05   4000    181.98  178.48  1374    2.26    1368/0/1262 5580    2.68    5535    411 166590  58.33   171605  21155
2871    09:10 22/07/2012    11:48   4:56    4000    183.38  178.01  1374    2.2 1368/0/1262 5675    1.47    5778    405 76520   19.64   78767   6870
2870    23:22 21/07/2012    00:32   8:20    4000    179.6   176.91  1374    2.09    1368/0/1262 5612    1.34    5612    434 111505  33.51   115502  11657
2861    01:11 21/07/2012    03:39   0:57    4000    197.25  195.27  1374    2.26    1368/0/1262 6166    0.87    6113    402 19542   0.06    19672   1208
2858    04:22 20/07/2012    06:44   13:35   4000    196.12  192.25  1374    2.42    1368/0/1262 6280    3.5 6289    421 175118  45.1    180438  19258
2856    18:04 19/07/2012    20:51   3:37    4000    4.19    4.1 48  2.93    35/3/6  3   0.22    3   1   22  0.7 25  8
2855    07:25 19/07/2012    08:42   9:14    4000    4.47    4.64    48  3.97    35/3/6  3   0.05    4   1   61  0.95    77  24
2853    08:29 17/07/2012    21:32   8:05    4000    3.25    3.26    35  3.19    16/3/16 2   0.25    1   2   38  1.12    38  29
2852    23:43 16/07/2012    03:38   4:39    4000    4.86    4.93    50  0   3/31/16 0   2.9 0   4   5   24.92   5   30
2848    21:51 15/07/2012    00:18   9:22    4000    191.84  190.54  1374    2.51    1368/0/1262 5755    1.59    5779    428 128320  28.68   131908  13132
2847    14:19 15/07/2012    17:44   3:55    4000    194.47  186.78  1374    2.34    1368/0/1262 5850    1.87    5819    402 66069   15.96   67146   5349
2843    18:36 14/07/2012    21:17   7:46    4000    192.52  188.81  1374    2.45    1368/0/1262 5880    1.73    5670    402 113972  31.01   112769  10734
2842    04:10 14/07/2012    06:58   11:32   4000    195.23  189.15  1374    2.48    1368/0/1262 5877    1.39    5635    410 148162  46.57   148950  16273
2840    20:38 13/07/2012    23:23   1:14    4000    193.46  189.52  1374    2.54    1368/0/1262 5655    1.65    5818    401 23205   5.08    24418   1094
2836    09:55 12/07/2012    18:10   13:03   4000    9.52    9.49    112 2.39    108/0/0 1   0   2   0   39  0   58  0
2824    02:21 10/07/2012    04:29   0:17    4000    0.39    0.6 2   4.18    2/0/0   16  0   15  0   15  0   14  0
2822    21:48 09/07/2012    22:56   1:01    4000    0.24    0.24    1   4.09    1/0/0   8   0   7   0   28  0   24  0
2819    17:19 08/07/2012    19:39   1:06    4000    199.16  190.75  1374    2.39    1368/0/1262 5785    0.35    5752    404 21499   1.07    21495   1331
2816    13:28 07/07/2012    17:37   11:50   4000    195.27  188.04  1374    2.43    1368/0/1262 5916    0.35    5846    460 153385  9.24    158310  16276
2812    01:35 06/07/2012    03:30   0:24    4000    196.67  190.49  1374    2.2 1368/0/1262 5781    1.56    5699    390 8005    1.39    7796    428
2810    18:58 05/07/2012    21:10   0:03    4000    191.7   188.12  1374    1.77    1368/0/1262 5979    0.83    5549    51  1071    0.15    1060    11
2807    18:55 04/07/2012    00:09   10:43   4000    193.27  193.58  1374    2.29    1368/0/1262 6229    1.34    6165    412 147686  31.99   149275  14744
2806    06:14 04/07/2012    09:31   9:16    4000    186.09  164.63  1374    2.6 1368/0/1262 4746    0.76    4795    424 102964  14.64   105217  12734
2805    17:52 03/07/2012    20:55   9:11    4000    113.32  112.29  840 2.65    807/0/816   3350    0.78    3379    273 72090   16.49   71562   8160
2798    14:07 02/07/2012    19:24   0:37    4000    125.9   123.98  852 2.44    807/0/816   3782    0.86    3660    254 7980    1.86    7854    416
2797    05:38 02/07/2012    06:58   7:02    4000    67.02   64.44   480 2.56    471/0/461   2103    0.38    1882    154 38601   0.21    35232   1229
2795    23:44 01/07/2012    01:31   2:18    4000    11.71   11.27   84  2.53    72/0/60 332 0.08    318 19  2406    0.52    2290    137
2739    06:46 18/06/2012    10:29   2:32    4000    205.24  199.24  1374    2.48    1368/0/1262 6479    0   6327    439 51114   0   51257   3330
2737    13:47 17/06/2012    20:57   3:36    4000    199.85  199.51  1374    2.54    1368/0/1262 6106    2.11    6028    425 66420   4.21    66603   5006
2736    18:22 16/06/2012    20:10   17:29   4000    202.98  199.51  1374    2.44    1368/0/1262 6579    2.01    6428    418 235677  57.78   234326  24757
2734    16:02 15/06/2012    22:50   15:33   4000    201.06  200.71  1374    2.57    1368/0/1262 6353    2.69    6237    455 204546  59.66   205611  22040
2733    22:29 14/06/2012    02:42   13:12   4000    207.7   202.52  1380    2.45    1377/0/1274 6689    2.44    6597    555 187869  50.79   187129  18693
2732    14:07 14/06/2012    20:28   1:52    4000    207.98  203.75  1380    2.46    1377/0/1274 6724    2.78    6523    404 40387   0.33    40119   2486
2729    23:42 13/06/2012    04:00   3:28    4000    207.91  204.09  1380    2.57    1377/0/1274 6561    2.46    6476    425 67781   3.44    68376   4809
2728    10:16 13/06/2012    11:41   11:41   4000    206.98  204.45  1380    2.61    1377/0/1274 6593    1.02    6513    438 174749  26.61   176039  16642
2726    16:57 12/06/2012    22:08   8:58    4000    206.82  203.04  1380    2.41    1377/0/1274 6509    1.99    6461    414 142228  27.86   145208  12609
2725    21:28 11/06/2012    09:44   7:04    4000    206.32  204.08  1380    2.6 1377/0/1274 6616    1.92    6497    426 119975  21.37   110660  9901
2724    17:11 11/06/2012    20:03   1:13    4000    205.2   201.44  1380    2.53    1377/0/1274 6308    1.16    6351    407 25806   0.14    25953   1467
2723    12:15 11/06/2012    14:34   2:26    4000    204.03  201.75  1380    2.54    1377/0/1274 6448    1.64    6364    409 49118   0.36    43514   3325
2720    02:04 11/06/2012    04:07   0:30    4000    206.09  201.84  1380    2.53    1377/0/1274 6479    1.45    6326    399 11222   0.25    11327   591
2719    23:48 10/06/2012    01:53   0:04    4000    206.28  201.04  1380    2.51    1377/0/1274 6598    1.54    6481    75  1321    0.01    1381    13
2718    04:54 10/06/2012    08:50   14:51   4000    204.17  201.96  1380    2.6 1377/0/1274 6414    1.75    6326    419 196175  43.95   199498  21002
2717    09:48 09/06/2012    13:05   15:40   4000    202.94  200.01  1380    2.64    1377/0/1274 6368    1.4 6321    444 199875  39.51   201249  22050
2714    15:59 08/06/2012    18:46   1:43    4000    207.21  204.91  1380    2.59    1377/0/1274 6570    0   6141    413 37839   0   29051   2383
2713    10:11 08/06/2012    15:41   0:06    4000    205.36  202.94  1380    2.34    1377/0/1274 6561    1.72    6350    625 2471    0.16    2463    188
2712    19:51 07/06/2012    22:48   10:30   4000    205.32  202.3   1380    2.43    1377/0/1274 6717    1.63    6574    424 162085  24.17   163529  15007
2711    10:47 07/06/2012    17:04   2:39    4000    202.91  204.15  1380    2.53    1377/0/1274 6467    1.73    6300    415 52853   0.97    52397   3669
2710    17:52 06/06/2012    20:04   14:26   4000    206.58  204.45  1380    2.46    1377/0/1274 6760    1.95    6639    424 201370  46.56   189398  20311
2701    08:33 05/06/2012    11:34   11:49   4000    201.25  195.03  1380    2.68    1377/0/1274 5701    2.18    6161    417 158122  35.21   162944  16414
2700    04:42 05/06/2012    06:43   1:40    4000    204.41  199.65  1380    2.7 1380/0/1274 6374    2.78    6332    403 32008   0.12    34341   2165
2698    18:05 04/06/2012    19:26   4:59    4000    203.59  200.25  1380    2.54    1380/0/1274 6404    1.53    6376    420 89187   11.88   86965   6920
2692    03:55 02/06/2012    07:10   22:44   4000    203.12  200.41  1380    2.65    1380/0/1274 6299    1.87    6282    409 237322  37.26   243205  30243
2691    11:08 01/06/2012    13:41   13:57   4000    200.51  192.88  1380    2.59    1380/0/1274 5896    1.4 5767    411 168217  38.32   168943  18450
2686    03:26 31/05/2012    06:00   9:21    4000    203.8   201.05  1380    2.49    1380/0/1274 6432    1.9 6336    417 150463  19.4    152787  13793
2684    18:11 30/05/2012    20:33   3:25    4000    206.11  203.6   1380    2.55    1380/0/1274 6415    1.93    6453    424 65547   0.15    67713   4528
2683    14:48 30/05/2012    16:26   1:36    4000    203.63  177.17  1380    2.33    1380/0/1274 6248    1.63    6180    410 32771   0.14    32987   191
2675    03:56 29/05/2012    06:25   4:01    4000    203.94  184.82  1380    2.29    1380/0/1274 6549    1.61    6453    404 76153   0.25    77610   5577
2673    19:14 28/05/2012    21:58   2:48    4000    204.55  186.82  1380    2.37    1380/0/1274 6170    1.09    6302    406 50180   0.08    55790   3760
2671    02:45 28/05/2012    05:33   7:12    4000    206.11  189.64  1380    2.68    1380/0/1274 6483    1.82    6407    410 119402  15.18   121793  10078
2670    14:42 26/05/2012    01:13   1:14    4000    204.9   188.76  1380    2.29    1380/0/1274 6662    1.83    6544    404 27221   0.15    27259   1684
2669    03:31 26/05/2012    06:24   8:13    4000    203.96  191.86  1380    2.36    1380/0/1274 6507    1.87    6454    412 132243  13.94   135642  11491
2663    01:14 25/05/2012    03:44   11:20   4000    207.35  198.29  1380    2.46    1380/0/1274 6524    2.16    6386    413 164900  26.05   167206  15824
2660    15:17 24/05/2012    17:34   1:12    4000    199.37  191.31  1380    2.33    1380/0/1274 6147    2.09    6033    398 24315   0.29    24463   1608
2658    00:50 24/05/2012    03:53   1:21    4000    197.25  192.38  1380    2.5 1377/0/1274 5946    9.91    5917    404 26749   5.22    26898   1750
2657    16:59 23/05/2012    18:41   6:00    4000    198.25  190.17  1380    2.57    1377/0/1274 5714    5.05    5488    410 92481   1.21    92224   8383
2653    07:15 23/05/2012    08:55   0:36    4000    190.87  182.6   1380    2.28    1377/0/1274 5699    1.5 5506    397 11738   0.09    11361   677
2651    06:10 22/05/2012    08:48   19:35   4000    193.21  188.95  1380    2.46    1377/0/1274 5681    1.92    5642    411 212525  64.47   198878  26823
2649    23:57 20/05/2012    13:41   7:17    4000    192.7   189.79  1380    2.37    1377/0/1274 5855    1.05    5663    425 109046  9.19    110031  10082
2648    14:38 20/05/2012    18:15   5:31    4000    192.3   184.56  1380    2.69    1377/0/1274 5163    0.93    5255    417 78680   4.69    80163   7503
2646    10:58 19/05/2012    13:14   16:06   4000    193.7   189.76  1380    2.4 1377/0/1274 5948    1   5887    409 187971  27.99   191514  22470
2645    04:46 19/05/2012    10:23   0:28    4000    192.9   191.41  1380    2.32    1377/0/1274 6001    0   5985    405 9981    0   9822    546
2644    07:38 18/05/2012    13:55   14:43   4000    191.46  189.88  1380    2.44    1331/0/1320 5656    1.42    5591    416 170799  27.57   173999  20570
2635    04:44 17/05/2012    06:48   5:08    4000    192.66  182.68  1380    2.34    1331/0/1320 5534    0   5530    414 78014   0   78723   7165
2634    01:25 17/05/2012    03:16   1:21    4000    191.26  183.22  1380    2.42    1331/0/1320 5142    0   5186    426 22440   0   22700   1817
2632    05:02 16/05/2012    20:55   0:07    4000    185.72  173.13  1380    2.33    1331/0/1320 4973    0   4945    200 1840    0   2027    35
2630    20:27 15/05/2012    22:55   4:10    4000    191.24  178 1380    2.33    1331/0/1320 5417    0   5467    419 65749   0   66835   5665
2629    06:19 15/05/2012    14:29   5:52    4000    180.14  167.36  1380    2.82    1331/0/1320 4214    0.8 4204    412 69668   6.28    70414   8260
2628    13:42 14/05/2012    22:17   7:49    4000    182.36  169.79  1380    2.35    1331/0/1320 4837    0.87    4828    420 95667   11.73   97693   11118
2627    02:06 14/05/2012    03:28   10:08   4000    179.34  165.16  1380    2.8 1331/0/1320 4112    0.92    4147    421 99661   19.64   101456  14208
2624    10:03 13/05/2012    18:54   5:09    4000    178.66  166.77  1380    2.46    1331/0/1320 4308    0.9 4313    428 62030   4.93    63894   7193
2623    01:44 13/05/2012    04:27   5:25    4000    173.26  164.24  1380    2.53    1331/0/1320 4126    0.61    4129    422 61472   5.62    63439   7638
2621    07:20 12/05/2012    08:48   13:17   4000    171.17  162.75  1380    2.37    1331/0/1320 4232    0.58    4144    418 119858  12.66   122892  18760
2617    16:04 11/05/2012    23:20   0:25    4000    169.87  163.87  1380    2.35    1331/0/1320 4110    0   4111    405 5882    0   5970    405
2616    10:10 11/05/2012    14:04   1:52    4000    173.77  168.1   1380    2.41    1331/0/1320 4309    0   4326    413 25742   0   25848   2461
2609    18:13 10/05/2012    20:40   4:22    4000    152.56  147.64  1380    2.16    1331/0/1320 3706    0.59    3800    405 45565   7.07    42763   5726
2608    15:53 10/05/2012    17:35   0:30    4000    155.51  152.18  1380    2.16    1331/0/1320 3876    0.61    3942    372 6605    0.91    6925    309
2605    05:47 10/05/2012    09:17   0:27    4000    52.62   52.14   480 2.17    471/0/461   1322    0.23    1332    128 5626    0.91    5609    471
2596    18:18 07/05/2012    22:36   10:18   4000    137.15  136.7   1092    2.44    1051/0/1032 3568    0.62    3577    338 89594   16.77   92884   11824
2593    04:51 07/05/2012    06:39   4:34    4000    139.23  124.42  1092    2.52    1051/0/1032 3109    0.73    3143    328 40290   9.21    41452   5138
2591    19:20 06/05/2012    23:54   1:18    4000    139.64  128.09  1092    2.52    1051/0/1032 3265    0.87    3354    331 14068   3.71    14535   1427
2590    12:43 06/05/2012    15:39   3:31    4000    114.42  103.61  852 2.76    807/0/816   2504    0.68    2557    268 26602   7.15    27635   3084
2587    17:55 03/05/2012    20:33   7:10    4000    115.02  108.57  852 2.5 807/0/816   2883    0.7 2841    262 52767   12.13   54102   6373
2584    02:28 03/05/2012    05:15   0:46    4000    114.65  105.34  852 2.57    807/0/816   2796    0.68    2768    404 7303    1.66    7282    487
2583    21:08 02/05/2012    22:29   3:50    4000    114.43  105.45  852 2.55    807/0/816   2694    0.73    2634    266 29942   7.3 30029   3343
2580    06:41 02/05/2012    08:05   6:38    4000    56.34   53.05   480 2.41    471/0/461   1437    0.38    1410    144 26108   5.72    9487    3275
2576    15:00 01/05/2012    20:16   6:15    4000    10.27   9.78    88  2.35    75/0/60 227 0.04    230 20  3789    0.63    1034    357
2574    00:16 01/05/2012    05:33   0:30    4000    10.16   9.6 88  2.47    75/0/60 193 0.03    198 150 299 0.02    263 188
2536    21:21 19/04/2012    04:52   8:57    4000    186.2   186.6   1380    2.41    1331/0/1320 5120    1.33    5506    271 115761  23.47   129806  8910
2535    10:17 19/04/2012    18:23   2:41    4000    179.61  178.77  1380    2.89    1331/0/1320 4931    0   5281    272 39887   0   44302   2344
2534    02:00 19/04/2012    05:54   3:52    4000    172.52  173.55  1380    2.28    1331/0/1320 4637    1.03    4985    266 44894   6.43    49424   3014
2533    17:55 18/04/2012    19:19   6:33    4000    175.26  174.84  1380    2.33    1331/0/1320 5058    1.18    5063    292 73374   10.18   84270   5917
2523    04:42 17/04/2012    06:22   7:01    4000    3.76    4   52  3.34    3/24/24 3   4.06    3   6   53  21.83   36  96
2520    14:59 16/04/2012    18:34   5:55    4000    2.92    2.97    48  9.32    35/3/6  19  0.11    28  1   190 0.49    472 25
2519    10:38 16/04/2012    13:41   0:40    4000    3.19    3.18    48  2.04    35/3/6  33  0.51    31  2   30  0.09    74  4
2516    12:17 15/04/2012    15:17   6:56    4000    146.12  141.92  1092    2.47    1051/0/1032 3898    0.82    4184    266 76514   15.59   85557   6872
2515    01:24 15/04/2012    11:19   0:51    4000    144.53  142.37  1092    2.41    1051/0/1032 3922    0.75    4157    259 11188   1.79    12261   514
2514    13:49 14/04/2012    16:15   8:45    4000    136.48  134.55  1092    2.52    1051/0/1032 3349    0.82    3622    264 74642   19.11   80512   8041
2513    01:09 14/04/2012    03:11   10:17   4000    137.96  136.24  1092    2.66    1054/0/1032 3369    0.98    3648    308 84365   19.66   96392   9794
2511    15:29 13/04/2012    17:52   1:07    4000    137.91  137.88  1092    2.49    1054/0/1032 3776    0.91    3790    285 5994    1.79    14246   791
2509    22:33 12/04/2012    01:18   5:46    4000    108.55  107.1   840 2.48    807/0/816   2749    0.85    2997    243 43911   13.63   38947   4627
2508    13:40 12/04/2012    16:02   6:10    4000    107.26  107.55  840 2.49    807/0/816   2827    0.8 3032    244 47265   13.75   52314   5131
2505    15:15 11/04/2012    18:00   7:59    4000    83.21   81.96   624 2.6 618/0/604   2182    0.93    2355    184 44921   19.13   17823   4918
2501    01:57 11/04/2012    07:59   2:44    4000    83.86   82.76   624 2.71    618/0/604   2154    1.04    2352    179 18289   8.13    20427   1592
2500    17:48 10/04/2012    20:00   5:45    4000    83.85   83.35   624 2.56    618/0/604   2283    0.95    2450    186 34127   14.22   37896   3365
2497    02:20 10/04/2012    04:03   2:45    4000    88.64   88.13   624 2.65    618/0/604   2480    1.22    2619    186 20933   10.17   22899   1417
2493    07:45 09/04/2012    10:32   6:21    4000    86.43   85.22   624 2.86    618/0/604   2273    1.33    2459    177 39725   22.24   43539   2888
2491    16:16 08/04/2012    18:20   9:43    4000    87.49   85.46   624 2.91    618/0/604   2249    1.13    2411    133 54240   26.99   60369   2815
2490    11:41 08/04/2012    14:54   0:43    4000    39.52   38.66   264 3.06    249/0/240   1050    0.63    1121    62  4397    1.52    4797    156
2489    05:15 08/04/2012    07:17   3:44    4000    35.02   34.45   264 2.58    249/0/240   892 0.36    971 71  10802   4.22    12142   693
2488    23:22 07/04/2012    00:48   3:38    4000    35.11   34.19   264 2.72    249/0/240   868 0.36    940 69  9506    4.15    10464   819
2486    17:12 07/04/2012    19:17   0:52    4000    11.21   11.09   84  2.94    72/0/60 264 0.02    278 18  1288    0.06    1357    59
2482    23:15 06/04/2012    02:07   2:58    4000    35.19   34.49   264 2.7 249/0/240   874 0.32    922 78  9132    3.09    9791    484
2479    12:22 06/04/2012    14:53   2:57    4000    12.44   12.32   84  3.21    72/0/60 305 0.13    313 22  2740    0.99    2934    152
2472    17:54 05/04/2012    19:54   3:57    4000    11.06   10.84   84  2.55    72/0/60 267 0.07    281 43  3432    0.89    3721    266
2471    09:48 05/04/2012    15:27   1:33    4000    5.69    5.61    47  -2.82   28/0/36 81  0.02    86  27  431 0.15    486 93
2470    02:18 05/04/2012    05:39   4:01    4000    5.55    5.43    47  -15.71  28/0/36 14  0.03    81  29  14  0.31    987 209
2469    22:08 04/04/2012    00:37   1:01    4000    0.4 0.39    3   -3.24   2/2/2   7   0.74    8   2   35  2.9 42  7
