# Name Entries Chi2_fit Sigma_fit Mean
delta_t_Barrel3 319 23.7820606571 0.631883463219 -0.334641637413
t_diff_Barrel3 319 8.38467297714 0.909276923036 -0.0524301326987
t_avg_Barrel3 319 61.0578094717 1.02129611642 2.33207573337
delta_t_Barrel4 394 13.41843524 0.358610005004 -0.212765964122
t_diff_Barrel4 394 6.87485292248 0.818488911906 0.0117142004547
t_avg_Barrel4 394 11.3162595514 0.871528174231 1.97293520749
delta_t_Barrel5 500 36.9981097749 0.456423605293 -0.239666489896
t_diff_Barrel5 500 19.9409587165 0.935490903605 -0.0169745175977
t_avg_Barrel5 500 27.6220862825 1.01684425078 2.77976980988
delta_t_Barrel6 596 57.6220388388 0.633018927829 -0.296500751676
t_diff_Barrel6 596 43.5651466297 0.766464479935 0.0254426307438
t_avg_Barrel6 596 26.0392761731 1.01676866326 9.72609847096
t_diff_EndcapA_Disk1 92 17.5023832367 1.27802369936 0.213798910527
t_avg_EndcapA_Disk1 92 16.6223880844 1.26008310609 7.38301428166
t_diff_EndcapA_Disk2 132 8.79425086221 1.43501015678 0.00987097851171
t_avg_EndcapA_Disk2 132 20.7259140455 1.45158646586 7.96319914694
t_diff_EndcapA_Disk3 132 6.7148947013 1.35766715159 0.0204162497947
t_avg_EndcapA_Disk3 132 14.0215441741 1.2929908384 7.11672481562
t_diff_EndcapA_Disk4 131 15.6490200519 1.21901968121 0.0954705187105
t_avg_EndcapA_Disk4 131 14.2543147153 1.2531719969 7.50542839258
t_diff_EndcapA_Disk5 132 38.2427783941 1.0576591575 0.499166541307
t_avg_EndcapA_Disk5 132 21.4813553057 1.36377473364 8.24162250993
t_diff_EndcapA_Disk6 132 16.3945084784 1.30642938276 0.16410561667
t_avg_EndcapA_Disk6 132 13.8154571916 1.22461450595 7.54823297247
t_diff_EndcapA_Disk7 90 16.8557928822 1.16726534507 -0.0490980570705
t_avg_EndcapA_Disk7 90 13.6685749036 1.15809630143 8.62735063486
t_diff_EndcapA_Disk8 92 19.1508955592 1.22185350677 0.000400043048698
t_avg_EndcapA_Disk8 92 15.9908376745 1.47223124949 8.89515972058
t_diff_EndcapA_Disk9 52 3.73969974425 1.6777777996 -0.212751807606
t_avg_EndcapA_Disk9 52 52.0 0.00758617775021 9.60633089699
t_diff_EndcapC_Disk1 92 12.3375040431 1.19114445068 0.238983042039
t_avg_EndcapC_Disk1 92 23.3570219917 1.65884261232 7.46951272971
t_diff_EndcapC_Disk2 132 17.7482493311 1.70888273695 0.381035699344
t_avg_EndcapC_Disk2 132 30.4719047521 1.69342463044 6.98368037564
t_diff_EndcapC_Disk3 131 19.9049106485 1.2628169346 0.442413439418
t_avg_EndcapC_Disk3 131 30.7267608022 1.40416747222 7.21437230307
t_diff_EndcapC_Disk4 132 20.8019118086 1.24848434006 0.200181502751
t_avg_EndcapC_Disk4 132 21.63621442 1.21895378089 6.97150830597
t_diff_EndcapC_Disk5 132 15.1062418794 1.30097406752 0.104775562913
t_avg_EndcapC_Disk5 132 19.4193359002 1.30934099759 7.19431348055
t_diff_EndcapC_Disk6 132 19.8510321153 1.69155103873 0.186427914502
t_avg_EndcapC_Disk6 132 20.5885414257 1.9659080778 7.46436858693
t_diff_EndcapC_Disk7 92 8.79015818257 1.22849642004 0.0865471665365
t_avg_EndcapC_Disk7 92 21.580945864 1.2219811274 8.34368186704
t_diff_EndcapC_Disk8 92 12.2581315652 1.30581345378 -0.302123180555
t_avg_EndcapC_Disk8 92 21.3819163438 1.62070703428 7.69199600077
t_diff_EndcapC_Disk9 39 14.1836996961 1.57597336395 0.0313120371571
t_avg_EndcapC_Disk9 39 7.03058607606 1.93657361009 7.01667950877
delta_t_AllBarrels 1809 148.343735345 0.510584804837 -0.256544454229
t_diff_AllBarrels 1809 51.4315288639 0.865595640775 -0.0161128820743
t_avg_AllBarrels 1809 682.030826811 1.01676793665 2.42912577901
t_diff_Endcaps 1959 51.996286013 1.32327363301 0.0891846048278
t_avg_Endcaps 1959 117.476155821 1.50762872001 7.65492558675
t_diff_EndcapA 985 25.9798311434 1.26963065166 0.0583579726414
t_avg_EndcapA 985 76.0853502822 1.39586213368 7.90864936198
t_diff_EndcapC 974 38.4319331166 1.36694893866 0.133998617797
t_avg_EndcapC 974 76.1633357867 1.53398956714 7.37591313948
